0000: 09 02 c8 00 02 01 00 c0 32 09 04 00 00 03 e0 01
0010: 01 00 07 05 81 03 40 00 01 07 05 02 02 40 00 01
0020: 07 05 82 02 40 00 01 09 04 01 00 02 e0 01 01 00
0030: 07 05 03 01 00 00 01 07 05 83 01 00 00 01 09 04
0040: 01 01 02 e0 01 01 00 07 05 03 01 09 00 01 07 05
0050: 83 01 09 00 01 09 04 01 02 02 e0 01 01 00 07 05
0060: 03 01 11 00 01 07 05 83 01 11 00 01 09 04 01 03
0070: 02 e0 01 01 00 07 05 03 01 19 00 01 07 05 83 01
0080: 19 00 01 09 04 01 04 02 e0 01 01 00 07 05 03 01
0090: 21 00 01 07 05 83 01 21 00 01 09 04 01 05 02 e0
00a0: 01 01 00 07 05 03 01 31 00 01 07 05 83 01 31 00
00b0: 01 09 04 01 06 02 e0 01 01 00 07 05 03 01 3f 00
00c0: 01 07 05 83 01 3f 00 01
